Start 500
1 1 1 1 1 0 0 0 0 0 
1 1 1 1 0 0 0 0 0 0 
1 1 1 1 1 0 0 0 0 0 
1 1 1 1 0 0 0 0 0 0 
1 1 1 1 1 0 0 0 0 0 
1 1 1 1 1 0 0 0 0 0 
1 1 1 1 0 0 0 0 0 0 
1 1 1 1 0 0 0 0 0 0 
1 1 1 1 1 0 0 0 0 0 
1 1 1 1 1 0 0 0 0 0 
Time   8611
FalseP 0.0
Founds [10, 10, 10, 10, 6, 0, 0, 0, 0, 0]
Freq   [55.57676143875834, 23.666681327573976, 12.821368395954996, 6.10691873069623, 3.0471168450274333, NaN, NaN, NaN, NaN, NaN]
Start 1000

1 1 1 1 1 0 0 0 0 0 
1 1 1 1 1 0 0 0 0 0 
1 1 1 1 1 0 0 0 0 0 
1 1 1 1 1 0 1 0 0 0 
1 1 1 1 1 0 0 0 0 0 
1 1 1 1 1 1 0 0 0 0 
1 1 1 1 1 0 0 0 0 0 
1 1 1 1 1 0 0 0 0 0 
1 1 1 1 1 0 0 0 0 0 
1 1 1 1 1 0 0 0 0 0 
Time   8723
FalseP 0.0
Founds [10, 10, 10, 10, 10, 1, 1, 0, 0, 0]
Freq   [54.31189320686543, 23.73573535468237, 12.683010349973554, 6.567331528308896, 2.4293979236240446, 1.3285644757849677, 1.3977518896721002, NaN, NaN, NaN]
Start 2000

1 1 1 1 1 1 1 0 0 0 
1 1 1 1 1 0 0 0 0 0 
1 1 1 1 1 1 0 0 0 0 
1 1 1 1 1 1 1 0 0 0 
1 1 1 1 1 1 1 0 0 0 
1 1 1 1 1 1 1 0 0 0 
1 1 1 1 1 0 1 0 0 0 
1 1 1 1 1 1 0 0 0 0 
1 1 1 1 1 0 0 0 0 0 
1 1 1 1 1 0 1 0 0 0 
Time   9437
FalseP 0.0
Founds [10, 10, 10, 10, 10, 6, 6, 0, 0, 0]
Freq   [53.966687876367004, 23.43124478364838, 12.527660091704268, 6.807648161075718, 1.985437972043306, 1.292572561362276, 0.8429626305732909, NaN, NaN, NaN]
Start 4000
1 1 1 1 1 1 1 1 0 0 
1 1 1 1 1 0 1 0 0 0 
1 1 1 1 1 1 1 1 0 0 
1 1 1 1 1 0 1 1 0 0 
1 1 1 1 1 1 1 0 0 0 
1 1 1 1 1 1 1 0 0 0 
1 1 1 1 1 1 1 1 0 0 
1 1 1 1 1 1 1 0 0 0 
1 1 1 1 1 1 1 0 0 0 
1 1 1 1 1 1 1 0 0 0 
Time   10345
FalseP 0.0
Founds [10, 10, 10, 10, 10, 8, 10, 4, 0, 0]
Freq   [53.29999585082097, 23.711914256249372, 12.312943001228453, 6.445769952338046, 2.408030854542322, 1.1981690768289435, 0.7066227733468149, 0.39047012502717443, NaN, NaN]

Start 8000
1 1 1 1 1 0 1 1 0 0 
1 1 1 1 1 1 1 1 0 0 
1 1 1 1 1 1 1 1 1 0 
1 1 1 1 1 1 1 1 0 0 
1 1 1 1 1 1 1 1 1 0 
1 1 1 1 1 1 1 1 0 0 
1 1 1 1 1 1 1 1 0 0 
1 1 1 1 1 1 1 1 0 0 
1 1 1 1 1 1 1 1 1 0 
1 1 1 1 1 1 1 1 0 0 
Time   12861
FalseP 0.0
Founds [10, 10, 10, 10, 10, 9, 10, 10, 3, 0]
Freq   [52.83646937028734, 23.64244608993424, 12.519394410164505, 6.455114497746782, 2.323226991004397, 1.2018880485215384, 0.7022005598447405, 0.3567801493677451, 0.16431131487030526, NaN]

Start 16000
1 1 1 1 1 0 1 1 1 0 
1 1 1 1 1 1 1 1 1 0 
1 1 1 1 1 1 1 1 1 0 
1 1 1 1 1 1 1 1 1 0 
1 1 1 1 1 1 1 1 1 0 
1 1 1 1 1 1 1 1 1 1 
1 1 1 1 1 1 1 1 1 0 
1 1 1 1 1 1 1 1 1 0 
1 1 1 1 1 1 1 1 1 0 
1 1 1 1 1 1 1 1 1 1 
Time   17949
FalseP 0.1
Founds [10, 10, 10, 10, 10, 9, 10, 10, 10, 2]
Freq   [52.87027441761575, 23.6505077319685, 12.510731002296183, 6.4067333654499805, 2.271265814581129, 1.1904066305832506, 0.7137449954121659, 0.3262799144476007, 0.12194829496877933, 0.06901274202559053]